data_sample_table.ecsv
# %ECSV 1.0
# ---
# datatype:
# - {name: ID, datatype: int64}
# - {name: RA, unit: deg, datatype: float64}
# - {name: DEC, unit: deg, datatype: float64}
# - {name: z, datatype: float64}
# - {name: Flux_F200W, unit: nJy, datatype: float32}
# - {name: Flux_F444W, unit: nJy, datatype: float32}
# - {name: Mag_F200W, unit: AB, datatype: float64}
# - {name: Mag_F444W, unit: AB, datatype: float64}
# - {name: Re_F200W, unit: arcsec, datatype: float32}
# - {name: Re_F444W, unit: arcsec, datatype: float32}
# meta: !!omap
# - __serialized_columns__:
#     DEC:
#       __class__: astropy.units.quantity.Quantity
#       unit: &id003 !astropy.units.Unit {unit: deg}
#       value: !astropy.table.SerializedColumn {name: DEC}
#     Flux_F200W:
#       __class__: astropy.units.quantity.Quantity
#       unit: &id001 !astropy.units.Unit {unit: nJy}
#       value: !astropy.table.SerializedColumn {name: Flux_F200W}
#     Flux_F444W:
#       __class__: astropy.units.quantity.Quantity
#       unit: *id001
#       value: !astropy.table.SerializedColumn {name: Flux_F444W}
#     Mag_F200W:
#       __class__: astropy.units.quantity.Quantity
#       unit: &id002 !astropy.units.Unit {unit: AB}
#       value: !astropy.table.SerializedColumn {name: Mag_F200W}
#     Mag_F444W:
#       __class__: astropy.units.quantity.Quantity
#       unit: *id002
#       value: !astropy.table.SerializedColumn {name: Mag_F444W}
#     RA:
#       __class__: astropy.units.quantity.Quantity
#       unit: *id003
#       value: !astropy.table.SerializedColumn {name: RA}
#     Re_F200W:
#       __class__: astropy.units.quantity.Quantity
#       unit: &id004 !astropy.units.Unit {unit: arcsec}
#       value: !astropy.table.SerializedColumn {name: Re_F200W}
#     Re_F444W:
#       __class__: astropy.units.quantity.Quantity
#       unit: *id004
#       value: !astropy.table.SerializedColumn {name: Re_F444W}
# schema: astropy-2.0
ID RA DEC z Flux_F200W Flux_F444W Mag_F200W Mag_F444W Re_F200W Re_F444W
6124 53.090851902938326 -27.90283726451597 3.93 24962.748 31154.285 20.406769016634716 20.166205523256856 0.09094257 0.09094257
16170 53.08361282445564 -27.887585818151802 3.39 1118.8495 2946.5598 23.778070832002527 22.72671184601544 0.11420237 0.11420237
21935 53.05535312281369 -27.8825936447715 3.41 572.2302 508.4192 24.506073017347504 24.634445165179383 0.15983795 0.15983795
25037 53.109976505840656 -27.88058840729105 3.1 443.06857 1023.0027 24.78382263382172 23.875308065483388 0.19399288 0.19399288
39371 53.102075717498565 -27.87076581634694 3.37 523.207 580.5609 24.603316197328354 24.490380517206944 0.1775175 0.1775175
42276 53.11479377618871 -27.868608827019695 3.84 427.99042 889.14795 24.821414886356926 24.027564922143377 0.1512484 0.1512484
53237 53.0418775452615 -27.861341733174378 3.02 598.81274 1083.9845 24.456772413561886 23.812442322365303 0.17506595 0.17506595
57280 53.05311345675205 -27.859132559716432 3.06 515.67847 1085.6304 24.619052507659976 23.81079503889142 0.16785179 0.16785179
77693 53.056518331639786 -27.844340907804195 3.28 494.46558 382.9958 24.664659844590602 24.94201500377971 0.14285183 0.14285183
82863 53.136807919696096 -27.838048286128377 3.47 424.03302 598.5093 24.831500807492773 24.457322783286074 0.14593428 0.14593428
99368 53.05512788297578 -27.818070027745204 3.45 520.6414 729.1794 24.6086532138294 24.242914048991537 0.13707042 0.13707042
112989 53.07177587289509 -27.79850894536772 3.85 469.9727 527.2139 24.719818452664995 24.595032812090032 0.11867033 0.11867033
150026 53.204854986913155 -27.749514112208754 3.68 375.24683 658.57776 24.96420743080214 24.353482350467367 0.18904138 0.18904138
155468 53.17802737303914 -27.735527802870443 3.17 393.26926 647.98895 24.913275006937752 24.37108099554655 0.16161373 0.16161373
158273 53.07284814430951 -27.908503587131033 3.66 1340.7338 5285.9263 23.58164363334145 22.09219724724036 0.16987807 0.16987807
158658 53.03177384368221 -27.905564840874185 3.45 411.24866 518.3415 24.8647387676508 24.61346006445921 0.119536415 0.119536415
159438 53.054471330527726 -27.902462116257418 3.41 914.44727 547.4801 23.997103335934796 24.554079150190006 0.16486754 0.16486754
159710 53.064695949400644 -27.901252229518377 3.47 400.91 477.85355 24.89238276732425 24.7017629668793 0.13106692 0.13106692
160011 53.066736856964255 -27.897249874011997 3.71 38290.55 19185.01 19.942270966506257 20.692594938498544 0.3191766 0.3191766
160773 53.05043451414662 -27.89746439518304 3.3 960.0407 525.8618 23.94427587586832 24.59782090699424 0.12391147 0.12391147
161056 53.04028121447473 -27.896132241980297 3.69 498.49332 1981.5588 24.655851649856807 23.157482569374373 0.29733798 0.29733798
161191 53.12702856975628 -27.896482770955043 3.02 468.24637 863.7477 24.723813955524598 24.05903276446014 0.18335512 0.18335512
162625 53.07361209126543 -27.892288175823808 3.75 786.19196 1851.3076 24.16117851064811 23.23130352990445 0.19080986 0.19080986
163086 53.0377693855451 -27.89074108934628 3.42 1471.9692 3577.1533 23.480253164847362 22.51615611290778 0.13773672 0.13773672
165390 53.11831004394307 -27.88504597411516 3.03 501.1233 1891.0223 24.650138529541252 23.208258351883373 0.24955885 0.24955885
166102 53.08847043683112 -27.883651953290546 3.55 490.13925 580.796 24.674201291473878 24.489940919980558 0.1239409 0.1239409
166145 53.08257892420263 -27.883620122435243 3.72 394.37726 963.18695 24.910220341320226 23.940723524737265 0.2013475 0.2013475
166772 53.024217258147864 -27.88202611571238 3.41 432.6123 368.39694 24.809752830469982 24.984209958252393 0.12235294 0.12235294
167181 53.08790944840816 -27.881362172995797 3.16 1632.1945 1406.5387 23.368070252728696 23.529620787873093 0.16935562 0.16935562
170446 53.06116117401453 -27.87587076456184 3.13 483.1113 1432.9896 24.689882015933918 23.509392385565747 0.20648354 0.20648354
170972 53.13934869788388 -27.874544316737264 3.45 401.59106 3420.642 24.890539897413277 22.56473091183166 0.23730522 0.23730522
171592 53.14073382339291 -27.873306807569122 3.16 636.95166 1636.047 24.38973381525271 23.365510562365984 0.28620735 0.28620735
171816 53.05286672756626 -27.873254380316332 3.24 397.10257 771.8781 24.902743256711744 24.18112818413697 0.17562431 0.17562431
171848 53.01081085900928 -27.873336065552852 3.04 575.016 451.87646 24.50080019350158 24.762450693776785 0.15493536 0.15493536
171849 53.01068495270312 -27.873295115110054 3.21 438.63068 379.887 24.794752496462095 24.9508639389728 0.10914053 0.10914053
173122 53.0388038256344 -27.870745048052342 3.75 422.92035 1089.1938 24.834353544886426 23.807237051126016 0.2838641 0.2838641
173459 53.11332295168957 -27.869946314201023 3.38 2287.8247 5185.5547 23.00144313554266 22.11301195313633 0.12960072 0.12960072
174451 53.13802796739643 -27.868293124299328 3.59 375.42545 1904.2358 24.9636907378487 23.20069816298826 0.12973021 0.12973021
174454 53.13213386653292 -27.868311090071174 3.37 536.15643 924.16296 24.576771196838656 23.985628599904693 0.1866457 0.1866457
174818 53.137642138768214 -27.867600431975767 3.57 470.8658 726.7121 24.71775709763143 24.246594025725855 0.13979945 0.13979945
175281 53.081374758454814 -27.86667086002333 3.69 447.9978 1595.7161 24.771810290131185 23.392610956979784 0.17174 0.17174
175394 53.07618889778471 -27.86645087903102 3.74 639.2955 1404.4506 24.385745930310414 23.531233859802256 0.2991899 0.2991899
175454 53.123326915112955 -27.866373007839762 3.09 551.5442 2452.0671 24.546049215916078 22.9261691070444 0.19780992 0.19780992
175482 53.09688132218356 -27.86613589760755 3.68 371.24326 1359.7323 24.975853568602275 23.566366464665293 0.3181373 0.3181373
175485 53.0972705718533 -27.865848685140897 3.71 1909.9744 4577.866 23.197431154016762 22.2483422595494 0.30841345 0.30841345
176606 53.076502679489174 -27.864167696424232 3.18 573.9632 2650.7708 24.502789887354744 22.841569574921152 0.1410843 0.1410843
177410 53.12365142061806 -27.863233279670187 3.71 544.25226 1576.9153 24.560499400592995 23.405479094239062 0.14325391 0.14325391
179465 53.07850046773384 -27.859925195920773 3.57 1966.8444 7488.1494 23.16557501290476 21.714063746326765 0.15231667 0.15231667
182126 53.119840085155595 -27.856848331339776 3.22 529.04114 1243.4888 24.591276390897676 23.66339533167999 0.26833114 0.26833114
182686 53.040230950468754 -27.856451611289614 3.46 451.0079 526.207 24.764539617276235 24.59710850870924 0.12127096 0.12127096
182930 53.161524478818244 -27.85607017248983 3.04 1792.2666 2686.5212 23.266493470256766 22.827024303632392 0.12602755 0.12602755
183012 53.15600443301666 -27.855975152152972 3.37 981.11426 1489.3787 23.92070103239626 23.467487181143895 0.16823846 0.16823846
183858 53.163308944050264 -27.854768194789482 3.16 626.0512 417.9849 24.40847535444317 24.84709853394974 0.15215784 0.15215784
184693 53.127877487978374 -27.852596624477908 3.83 31491.314 34097.203 20.154523028638486 20.068203108031597 0.09300692 0.09300692
185019 53.13383450258848 -27.852640948294436 3.38 391.16483 641.8759 24.919100512550827 24.381372299026594 0.16000153 0.16000153
185290 53.120017251925255 -27.852025462910017 3.61 870.7205 1876.4883 24.05030305131752 23.21663535857536 0.12043015 0.12043015
185410 53.12440316446226 -27.851695441415764 3.37 2340.986 5464.5615 22.976502919909187 22.056111700292696 0.16785344 0.16785344
186128 53.11427452496922 -27.850391722238058 3.14 367.82666 926.5894 24.98589199049679 23.982781661530634 0.1743218 0.1743218
186275 53.11517335098268 -27.849971209164924 3.71 634.00903 1215.791 24.39476138588588 23.687852675653545 0.12523888 0.12523888
186512 53.08994917084172 -27.849254949355007 3.7 370.296 746.6202 24.978627477468507 24.217250692425523 0.13274607 0.13274607
186532 53.066318705513375 -27.84911641579737 3.72 720.277 1511.0295 24.256251166263667 23.451817612523275 0.16102691 0.16102691
186780 53.089176756524964 -27.84858835938405 3.17 556.6365 539.9978 24.536070847850006 24.569020018323492 0.1447084 0.1447084
186893 53.07461375678038 -27.847322516822587 3.69 1097.4626 2520.2578 23.799025631477214 22.89638757580502 0.22474085 0.22474085
187340 53.084446402245256 -27.847387269548204 3.52 397.3196 591.4817 24.902149997106655 24.47014673829408 0.15514457 0.15514457
187563 53.04144225622104 -27.846710991384874 3.71 407.10773 619.3478 24.875726636193065 24.420163539841674 0.13823476 0.13823476
187727 53.0616488538261 -27.846282971916683 3.36 437.08844 693.34326 24.798576698807025 24.297629251992753 0.15072004 0.15072004
187812 53.110365127301165 -27.84565487449225 3.12 799.5271 1545.8611 24.142917028633157 23.427073839384626 0.19049737 0.19049737
187956 53.07027168734775 -27.845596043982223 3.7 970.56555 2892.751 23.932437817857288 22.746722377822387 0.14823827 0.14823827
189297 53.171691873423335 -27.84251384268406 3.31 735.13763 1292.8666 24.234078359053722 23.621115729171834 0.1798521 0.1798521
190245 53.078721450002384 -27.839613903244267 3.31 375.21826 1131.8448 24.964290082111155 23.765532753542253 0.12641788 0.12641788
190256 53.17203021767115 -27.83956034803328 3.03 367.7458 3333.0198 24.986130730283882 22.592905273966323 0.2607511 0.2607511
191056 53.16481197685081 -27.83696942895411 3.37 439.7012 2761.4495 24.792105866927834 22.79715725090754 0.09186553 0.09186553
191134 53.15346052386185 -27.8367559461609 3.13 591.5331 1595.0278 24.470052406889497 23.393079336074784 0.1759271 0.1759271
192115 53.170221225628595 -27.8334286599541 3.71 679.8478 1536.3417 24.31897079336695 23.43378047153481 0.22511722 0.22511722
192481 53.05705115410052 -27.831233467266223 3.01 489.6428 978.5158 24.675301586388514 23.923580384602282 0.23838256 0.23838256
193406 53.1805114719569 -27.82981326060147 3.37 475.27908 814.70593 24.70762824581236 24.122497802958733 0.19919734 0.19919734
194028 53.072586137586335 -27.82770858123778 3.37 477.86197 805.3204 24.70174382939593 24.135078284238475 0.2546158 0.2546158
194943 53.074810564392486 -27.825113276311164 3.36 547.5451 593.1974 24.55395024812706 24.46700192543082 0.1915636 0.1915636
195026 53.124849994067986 -27.82486165658783 3.36 366.5777 594.0414 24.989584901605824 24.465458250859268 0.17153205 0.17153205
195041 53.053881827121415 -27.824285878787077 3.71 708.247 1491.4463 24.274538126759687 23.465980955291826 0.27596134 0.27596134
195892 53.109299139705556 -27.822660063643696 3.09 407.2458 2465.9373 24.8753584953475 22.92004494483806 0.2917385 0.2917385
197884 53.162234642234985 -27.81584652191102 3.11 502.7376 1398.6884 24.646646559830607 23.53569760262252 0.18940127 0.18940127
197911 53.16531424182404 -27.814139724834146 3.06 4478.137 13366.697 22.27225651017537 21.084939719785446 0.14590812 0.14590812
198316 53.12143848314315 -27.814689347741062 3.65 497.07837 733.7185 24.658937838014808 24.23617631751255 0.15787256 0.15787256
200672 53.16116323376667 -27.80615864431423 3.39 433.82642 458.95758 24.80671001750043 24.745568631348924 0.13880344 0.13880344
202255 53.174170412860796 -27.80036973176099 3.37 377.2216 403.96774 24.958508652114624 24.884133280485756 0.16087432 0.16087432
202892 53.167917705694784 -27.79803121207997 3.45 555.9018 681.45416 24.537504810175456 24.316408378188086 0.13569051 0.13569051
203821 53.12649430568588 -27.794355434716152 3.1 408.1387 880.32416 24.87298055154652 24.03839345035108 0.2605686 0.2605686
203899 53.15259665547251 -27.793913784499427 3.12 633.908 998.6663 24.394934384065117 23.901448990251126 0.16425417 0.16425417
206907 53.17849638952215 -27.784104191782685 3.21 1204.655 1876.4437 23.697843254760457 23.216661138790677 0.11071523 0.11071523
208432 53.17631724181616 -27.778982337782093 3.34 628.47363 576.071 24.404282345319935 24.49880999799184 0.11760874 0.11760874
209182 53.130494242136976 -27.77594695549673 3.11 683.139 1330.5894 24.313727337332146 23.58988988793001 0.25523573 0.25523573
210620 53.19380512585624 -27.771363175735736 3.22 577.604 1221.0963 24.495924512330618 23.68312519975745 0.19602291 0.19602291
210751 53.18807054243141 -27.77159114098094 3.41 364.07 571.20154 24.997037743684857 24.508026579491926 0.14264518 0.14264518
210809 53.2022237427775 -27.771257604932647 3.02 574.9244 687.6112 24.50097319097059 24.30664263548872 0.16395995 0.16395995
210885 53.14467714246319 -27.77118335285341 3.14 717.4059 736.38574 24.260587664471277 24.232236572110843 0.13944216 0.13944216
210978 53.131644643628526 -27.77094508669412 3.43 1356.7623 1825.8972 23.568740558079625 23.246309183425865 0.15746488 0.15746488
211355 53.1357131049241 -27.768805511434177 3.23 416.19537 645.36505 24.85175687938426 24.37548639207678 0.16483535 0.16483535
212627 53.15345671317966 -27.766192568765845 3.81 467.08893 622.01385 24.726501067537306 24.415499853889713 0.16671231 0.16671231
212998 53.16496624782968 -27.765196155389187 3.27 424.77173 575.998 24.829610990634784 24.498947588057295 0.28470826 0.28470826
213869 53.175917637942646 -27.761622735205677 3.73 534.849 1627.1985 24.579422031616442 23.371398671039266 0.19609483 0.19609483
214075 53.19691235271211 -27.7605294631815 3.5 963.49066 3277.0977 23.94038122568189 22.611276541540576 0.116134115 0.116134115
214542 53.165305923585514 -27.758349794287604 3.37 767.3043 772.61456 24.187580889853603 24.180092775276584 0.08938198 0.08938198
214953 53.18123929953152 -27.756503392324163 3.34 976.69104 2776.527 23.92560699097602 22.791245208365826 0.12696104 0.12696104
216843 53.20801576325653 -27.750010419661272 3.68 674.63135 2323.1829 24.327333706496503 22.984791512154374 0.18542606 0.18542606
216987 53.152888437901495 -27.74931498419667 3.36 431.87817 741.7501 24.81159685921169 24.224355933847455 0.24430095 0.24430095
217380 53.195457013283054 -27.747635422862903 3.43 451.25616 734.54443 24.76394213051571 24.23495482003521 0.22607449 0.22607449
218080 53.15131783211216 -27.743001696024223 3.45 865.7832 1951.0535 24.056477110239033 23.174327072520008 0.1986254 0.1986254
218470 53.19214706190867 -27.741007928448617 3.68 413.14304 1368.3512 24.859748908736904 23.559506059471467 0.23907498 0.23907498
297473 53.13231703296732 -27.782920822302685 3.83 32480.12 34406.402 20.12095596597085 20.058401840965953 0.104336075 0.104336075
