results/data_sample/data_sample_table_z-3-4.ecsv
# %ECSV 1.0
# ---
# datatype:
# - {name: ID, datatype: int64}
# - {name: RA, datatype: float64}
# - {name: DEC, datatype: float64}
# - {name: z, datatype: float64}
# - {name: z_lower, datatype: float64}
# - {name: z_upper, datatype: float64}
# - {name: Flux_F200W, unit: nJy, datatype: float32}
# - {name: Flux_F444W, unit: nJy, datatype: float32}
# - {name: Flux_F200W_error, unit: nJy, datatype: float32}
# - {name: Flux_F444W_error, unit: nJy, datatype: float32}
# - {name: Mag_F200W, unit: AB, datatype: float64}
# - {name: Mag_F444W, unit: AB, datatype: float64}
# - {name: Mag_F200W_error, unit: AB, datatype: float64}
# - {name: Mag_F444W_error, unit: AB, datatype: float64}
# - {name: Re_F200W, unit: arcsec, datatype: float32}
# - {name: Re_F444W, unit: arcsec, datatype: float32}
# meta: !!omap
# - __serialized_columns__:
#     Flux_F200W:
#       __class__: astropy.units.quantity.Quantity
#       unit: &id001 !astropy.units.Unit {unit: nJy}
#       value: !astropy.table.SerializedColumn {name: Flux_F200W}
#     Flux_F200W_error:
#       __class__: astropy.units.quantity.Quantity
#       unit: *id001
#       value: !astropy.table.SerializedColumn {name: Flux_F200W_error}
#     Flux_F444W:
#       __class__: astropy.units.quantity.Quantity
#       unit: *id001
#       value: !astropy.table.SerializedColumn {name: Flux_F444W}
#     Flux_F444W_error:
#       __class__: astropy.units.quantity.Quantity
#       unit: *id001
#       value: !astropy.table.SerializedColumn {name: Flux_F444W_error}
#     Mag_F200W:
#       __class__: astropy.units.quantity.Quantity
#       unit: &id002 !astropy.units.Unit {unit: AB}
#       value: !astropy.table.SerializedColumn {name: Mag_F200W}
#     Mag_F200W_error:
#       __class__: astropy.units.quantity.Quantity
#       unit: *id002
#       value: !astropy.table.SerializedColumn {name: Mag_F200W_error}
#     Mag_F444W:
#       __class__: astropy.units.quantity.Quantity
#       unit: *id002
#       value: !astropy.table.SerializedColumn {name: Mag_F444W}
#     Mag_F444W_error:
#       __class__: astropy.units.quantity.Quantity
#       unit: *id002
#       value: !astropy.table.SerializedColumn {name: Mag_F444W_error}
#     Re_F200W:
#       __class__: astropy.units.quantity.Quantity
#       unit: &id003 !astropy.units.Unit {unit: arcsec}
#       value: !astropy.table.SerializedColumn {name: Re_F200W}
#     Re_F444W:
#       __class__: astropy.units.quantity.Quantity
#       unit: *id003
#       value: !astropy.table.SerializedColumn {name: Re_F444W}
# schema: astropy-2.0
ID RA DEC z z_lower z_upper Flux_F200W Flux_F444W Flux_F200W_error Flux_F444W_error Mag_F200W Mag_F444W Mag_F200W_error Mag_F444W_error Re_F200W Re_F444W
[from data line 70]
190256 53.172033760316516 -27.83956325749542 3.03 0.13199999999999967 0.10499999999999998 367.7458 3333.0198 0.5541218 0.43540785 24.986130730283882 22.592905273966323 0.0037056513573354897 0.0005432371994585129 0.2607511 0.2607511
191056 53.164815519611274 -27.83697233774388 3.37 0.07000000000000028 0.0129999999999999 439.7012 2761.4495 1.3719586 1.2932254 24.792105866927834 22.79715725090754 0.0032621797215496174 0.0006283672039494468 0.09186553 0.09186553
191134 53.15346406634349 -27.836758853893226 3.13 0.03799999999999981 0.1990000000000003 591.5331 1595.0278 1.4592276 0.4392022 24.470052406889497 23.393079336074784 0.002714009496356463 0.0008817562050874728 0.1759271 0.1759271
192115 53.17022476895585 -27.833431569247743 3.71 0.16199999999999992 0.010000000000000231 679.8478 1536.3417 0.484242 0.44032106 24.31897079336695 23.43378047153481 0.002433346278549103 0.0009141122345145473 0.22511722 0.22511722
192481 53.057054694661 -27.831236366012895 3.01 0.06999999999999984 0.23000000000000043 489.6428 978.5158 0.9662873 0.88025886 24.675301586388514 23.923580384602282 0.004454580524227495 0.001917913846787838 0.23838256 0.23838256
193406 53.18051501599064 -27.829816170853558 3.37 0.1200000000000001 0.008000000000000007 475.27908 814.70593 1.0619895 0.93532294 24.70762824581236 24.122497802958733 0.0023393108313408692 0.0009624399344352085 0.19919734 0.19919734
194028 53.07258967898207 -27.827711481432917 3.37 0.0900000000000003 0.3819999999999997 477.86197 805.3204 0.55082166 0.45710114 24.70174382939593 24.135078284238475 0.004921031443881288 0.0017761052081474787 0.2546158 0.2546158
194943 53.074814106157035 -27.82511617671369 3.36 0.16900000000000004 0.0 547.5451 593.1974 1.3937242 1.333428 24.55395024812706 24.46700192543082 0.0036950804448339486 0.0023064346611858313 0.1915636 0.1915636
195026 53.12485353720054 -27.824864561654426 3.36 0.21300000000000008 0.04800000000000004 366.5777 594.0414 0.51173246 0.43410864 24.989584901605824 24.465458250859268 0.008325397879348325 0.0046308366184907995 0.17153205 0.17153205
195041 53.05388536842561 -27.82428877723822 3.71 0.10599999999999987 0.019000000000000128 708.247 1491.4463 1.3381722 0.8750507 24.274538126759687 23.465980955291826 0.003499717652596243 0.0013396681910470935 0.27596134 0.27596134
195892 53.10930268268441 -27.822662967261063 3.09 0.07699999999999996 0.3580000000000001 407.2458 2465.9373 0.49217343 0.43221453 24.8753584953475 22.92004494483806 0.005522604233489766 0.0009256962279090665 0.2917385 0.2917385
197884 53.162238187442206 -27.815849430460716 3.11 0.05799999999999983 0.18300000000000027 502.7376 1398.6884 1.0558449 1.0147911 24.646646559830607 23.53569760262252 0.002116612506321512 0.0005858708557957969 0.18940127 0.18940127
197911 53.165317787316994 -27.814142633670713 3.06 0.051000000000000156 0.07799999999999985 4478.137 13366.697 0.47382277 0.41920856 22.27225651017537 21.084939719785446 0.0006560198796826608 0.00017796534723378793 0.14590812 0.14590812
198316 53.12144202739631 -27.814692252489746 3.65 0.04800000000000004 0.040999999999999925 497.07837 733.7185 1.3842068 1.3186888 24.658937838014808 24.23617631751255 0.0030546993158956947 0.0016158448625611887 0.15787256 0.15787256
200672 53.161166780098775 -27.80616155276412 3.39 0.27 0.018999999999999684 433.82642 458.95758 0.5090306 0.43012393 24.80671001750043 24.745568631348924 0.0023701306473364477 0.0014499980668383 0.13880344 0.13880344
202255 53.17417396023029 -27.80037264142247 3.37 0.04200000000000026 0.008999999999999897 377.2216 403.96774 1.3812298 1.2291203 24.958508652114624 24.884133280485756 0.0036474930492294997 0.001996870081027957 0.16087432 0.16087432
202892 53.167921253175265 -27.79803412115904 3.45 0.06100000000000039 0.05799999999999983 555.9018 681.45416 0.9669845 0.8760664 24.537504810175456 24.316408378188086 0.002774360095201777 0.0012728774046426039 0.13569051 0.13569051
203821 53.126497852496 -27.79435833993597 3.1 0.06300000000000017 0.10299999999999976 408.1387 880.32416 0.9346776 0.8984211 24.87298055154652 24.03839345035108 0.0024594725868110965 0.0008283105382833441 0.2605686 0.2605686
203899 53.15260020303315 -27.793916692151274 3.12 0.051000000000000156 0.1160000000000001 633.908 998.6663 1.1095796 1.2852703 24.394934384065117 23.901448990251126 0.0024064990872593507 0.0009212749546918821 0.16425417 0.16425417
206907 53.17849993894329 -27.78410710184709 3.21 0.03699999999999992 0.05500000000000016 1204.655 1876.4437 1.1150879 0.40197435 23.697843254760457 23.216661138790677 0.001709624028039829 0.0008428791651434256 0.11071523 0.11071523
208432 53.176320791788434 -27.77898524764353 3.34 0.05899999999999972 0.015000000000000124 628.47363 576.071 1.396291 0.9042212 24.404282345319935 24.49880999799184 0.002471657232034976 0.002164184041932446 0.11760874 0.11760874
209182 53.13049779124557 -27.77594986108927 3.11 0.06800000000000006 0.12700000000000022 683.139 1330.5894 0.54836845 0.45857865 24.313727337332146 23.58988988793001 0.0024357003244060153 0.0007639012599559117 0.25523573 0.25523573
210620 53.193808677202846 -27.771366087225868 3.22 0.08800000000000008 0.24799999999999978 577.604 1221.0963 1.1471577 1.230993 24.495924512330618 23.68312519975745 0.0019211483751202679 0.0006820904878790196 0.19602291 0.19602291
210751 53.18807409359747 -27.771594051937026 3.41 0.16400000000000015 0.1499999999999999 364.07 571.20154 0.5045013 0.4295863 24.997037743684857 24.508026579491926 0.002660297789546688 0.0012807892397428112 0.14264518 0.14264518
210809 53.202227294361975 -27.77126051720673 3.02 0.11799999999999988 0.13099999999999978 574.9244 687.6112 0.52254474 0.45551345 24.50097319097059 24.30664263548872 0.0019423889478697668 0.0010938568041099959 0.16395995 0.16395995
210885 53.144680692517596 -27.771186259767443 3.14 0.016999999999999904 0.19499999999999984 717.4059 736.38574 0.45356658 0.41367632 24.260587664471277 24.232236572110843 0.0022680111478085296 0.0017153362848996874 0.13944216 0.13944216
210978 53.13164819336319 -27.770947992393857 3.43 0.06899999999999995 0.05099999999999971 1356.7623 1825.8972 1.2425114 0.8831987 23.568740558079625 23.246309183425865 0.0011213197791986363 0.0004943831589754437 0.15746488 0.15746488
211355 53.13571665502205 -27.768808417513007 3.23 0.08099999999999996 0.121 416.19537 645.36505 1.2503207 0.8973533 24.85175687938426 24.37548639207678 0.002425159995424914 0.0017233782644178915 0.16483535 0.16483535
212627 53.153460264062524 -27.76619547649782 3.81 0.02300000000000013 0.0259999999999998 467.08893 622.01385 0.531706 0.4283873 24.726501067537306 24.415499853889713 0.005314437679918323 0.002051063555132203 0.16671231 0.16671231
212998 53.16496979913867 -27.76519906419334 3.27 0.039000000000000146 0.06400000000000006 424.77173 575.998 1.2734805 1.2894069 24.829610990634784 24.498947588057295 0.0023289284287948166 0.001242290838996132 0.28470826 0.28470826
213869 53.17592118996945 -27.761625645029895 3.73 0.1299999999999999 0.041999999999999815 534.849 1627.1985 1.2478734 1.2763901 24.579422031616442 23.371398671039266 0.0019939627014519466 0.0005262449888792532 0.19609483 0.19609483
214075 53.19691590543037 -27.760532374960988 3.5 0.2280000000000002 0.11799999999999988 963.49066 3277.0977 0.98775786 0.8734755 23.94038122568189 22.611276541540576 0.0020095518993353 0.00044870337975808506 0.116134115 0.116134115
214542 53.16530947571802 -27.758352703123393 3.37 0.03000000000000025 0.008999999999999897 767.3043 772.61456 1.0437162 1.0354526 24.187580889853603 24.180092775276584 0.0016080782040377806 0.0009845226355571215 0.08938198 0.08938198
214953 53.18124285230948 -27.756506302644038 3.34 0.06099999999999994 0.0860000000000003 976.69104 2776.527 0.9987895 1.2346976 23.92560699097602 22.791245208365826 0.0014900559365041014 0.0003742958878598076 0.12696104 0.12696104
216843 53.20801931752255 -27.75001333247468 3.68 0.2490000000000001 0.040999999999999925 674.63135 2323.1829 1.1004947 1.2499715 24.327333706496503 22.984791512154374 0.00257407493519004 0.0005059483371774852 0.18542606 0.18542606
216987 53.15289199077703 -27.749317891875705 3.36 0.1719999999999997 0.1719999999999997 431.87817 741.7501 1.0835093 1.2750199 24.81159685921169 24.224355933847455 0.0023489949304612997 0.0010159831709272028 0.24430095 0.24430095
217380 53.195460567495616 -27.747638334506867 3.43 0.15900000000000025 0.10499999999999998 451.25616 734.54443 0.5434555 0.54747194 24.76394213051571 24.23495482003521 0.003356457871155583 0.0012503220081914622 0.22607449 0.22607449
218080 53.151321385696676 -27.74300460355694 3.45 0.0950000000000002 0.21799999999999997 865.7832 1951.0535 1.2057587 0.43235078 24.056477110239033 23.174327072520008 0.001485643170727642 0.0004768933730481944 0.1986254 0.1986254
218470 53.192150616820705 -27.74101083978434 3.68 0.2990000000000004 0.053999999999999826 413.14304 1368.3512 0.97742796 0.88138616 24.859748908736904 23.559506059471467 0.00300883605580677 0.000764142816140103 0.23907498 0.23907498
297473 53.13232058129446 -27.78292372806508 3.83 0.01200000000000001 0.015000000000000124 32480.12 34406.402 1.0177537 1.3407137 20.12095596597085 20.058401840965953 0.0006791633240226018 0.00025884061585289167 0.104336075 0.104336075
