results/data_sample/data_sample_table_z-3-4.ecsv
# %ECSV 1.0
# ---
# datatype:
# - {name: ID, datatype: int64}
# - {name: RA, datatype: float64}
# - {name: DEC, datatype: float64}
# - {name: z, datatype: float64}
# - {name: z_lower, datatype: float64}
# - {name: z_upper, datatype: float64}
# - {name: Flux_F200W, unit: nJy, datatype: float32}
# - {name: Flux_F444W, unit: nJy, datatype: float32}
# - {name: Flux_F200W_error, unit: nJy, datatype: float32}
# - {name: Flux_F444W_error, unit: nJy, datatype: float32}
# - {name: Mag_F200W, unit: AB, datatype: float64}
# - {name: Mag_F444W, unit: AB, datatype: float64}
# - {name: Mag_F200W_error, unit: AB, datatype: float64}
# - {name: Mag_F444W_error, unit: AB, datatype: float64}
# - {name: Re_F200W, unit: arcsec, datatype: float32}
# - {name: Re_F444W, unit: arcsec, datatype: float32}
# meta: !!omap
# - __serialized_columns__:
#     Flux_F200W:
#       __class__: astropy.units.quantity.Quantity
#       unit: &id001 !astropy.units.Unit {unit: nJy}
#       value: !astropy.table.SerializedColumn {name: Flux_F200W}
#     Flux_F200W_error:
#       __class__: astropy.units.quantity.Quantity
#       unit: *id001
#       value: !astropy.table.SerializedColumn {name: Flux_F200W_error}
#     Flux_F444W:
#       __class__: astropy.units.quantity.Quantity
#       unit: *id001
#       value: !astropy.table.SerializedColumn {name: Flux_F444W}
#     Flux_F444W_error:
#       __class__: astropy.units.quantity.Quantity
#       unit: *id001
#       value: !astropy.table.SerializedColumn {name: Flux_F444W_error}
#     Mag_F200W:
#       __class__: astropy.units.quantity.Quantity
#       unit: &id002 !astropy.units.Unit {unit: AB}
#       value: !astropy.table.SerializedColumn {name: Mag_F200W}
#     Mag_F200W_error:
#       __class__: astropy.units.quantity.Quantity
#       unit: *id002
#       value: !astropy.table.SerializedColumn {name: Mag_F200W_error}
#     Mag_F444W:
#       __class__: astropy.units.quantity.Quantity
#       unit: *id002
#       value: !astropy.table.SerializedColumn {name: Mag_F444W}
#     Mag_F444W_error:
#       __class__: astropy.units.quantity.Quantity
#       unit: *id002
#       value: !astropy.table.SerializedColumn {name: Mag_F444W_error}
#     Re_F200W:
#       __class__: astropy.units.quantity.Quantity
#       unit: &id003 !astropy.units.Unit {unit: arcsec}
#       value: !astropy.table.SerializedColumn {name: Re_F200W}
#     Re_F444W:
#       __class__: astropy.units.quantity.Quantity
#       unit: *id003
#       value: !astropy.table.SerializedColumn {name: Re_F444W}
# schema: astropy-2.0
ID RA DEC z z_lower z_upper Flux_F200W Flux_F444W Flux_F200W_error Flux_F444W_error Mag_F200W Mag_F444W Mag_F200W_error Mag_F444W_error Re_F200W Re_F444W
6124 53.09085543586152 -27.902840166413917 3.93 0.028000000000000025 0.05099999999999971 24962.748 31154.285 1.3945744 1.7513126 20.406769016634716 20.166205523256856 0.0007394818610049331 0.00045870360207292166 0.09094257 0.09094257
16170 53.08361635900491 -27.887588719374925 3.39 0.09800000000000031 0.1639999999999997 1118.8495 2946.5598 1.328956 1.2306688 23.778070832002527 22.72671184601544 0.001875310684657408 0.0005746158044632658 0.11420237 0.11420237
21935 53.055356657201884 -27.882596543359835 3.41 0.08400000000000007 0.018999999999999684 572.2302 508.4192 1.3431664 1.2422307 24.506073017347504 24.634445165179383 0.0015153063497887543 0.0010338364458945838 0.15983795 0.15983795
25037 53.1099800419314 -27.880591310971546 3.1 0.0900000000000003 0.21099999999999985 443.06857 1023.0027 1.3432771 1.2308818 24.78382263382172 23.875308065483388 0.004025974242555459 0.0017017643940316208 0.19399288 0.19399288
39371 53.10207925454916 -27.870768719291068 3.37 0.0950000000000002 0.004999999999999893 523.207 580.5609 1.1522098 1.2432208 24.603316197328354 24.490380517206944 0.002962402303041573 0.002234030772393357 0.1775175 0.1775175
42276 53.11479731383737 -27.86861173114915 3.84 0.20100000000000007 0.19700000000000006 427.99042 889.14795 1.2595031 1.2266808 24.821414886356926 24.027564922143377 0.005409213130120076 nan 0.1512484 0.1512484
53237 53.04188108182532 -27.86134463050607 3.02 0.09399999999999986 0.15399999999999991 598.81274 1083.9845 1.34867 1.2198182 24.456772413561886 23.812442322365303 0.003222048642016461 0.0013704194189319069 0.17506595 0.17506595
57280 53.05311699387983 -27.859135458095928 3.06 0.10000000000000009 0.1200000000000001 515.67847 1085.6304 1.2713157 1.2467419 24.619052507659976 23.81079503889142 0.004240397053859055 0.0013318455265273969 0.16785179 0.16785179
77693 53.05652187062297 -27.84434380650119 3.28 0.10099999999999998 0.1120000000000001 494.46558 382.9958 0.52465856 0.4618137 24.664659844590602 24.94201500377971 0.004516346405613712 0.003568294595129514 0.14285183 0.14285183
82863 53.136811461577594 -27.838051192309223 3.47 0.014000000000000234 0.17799999999999994 424.03302 598.5093 1.7592611 1.248694 24.831500807492773 24.457322783286074 0.005127009075512757 0.002635123047231485 0.14593428 0.14593428
99368 53.05513142505428 -27.81807292631254 3.45 0.17800000000000038 0.14900000000000002 520.6414 729.1794 0.47099933 0.4322623 24.6086532138294 24.242914048991537 0.0044772539986295224 0.0033620827654231734 0.13707042 0.13707042
112989 53.071779417749134 -27.798511845487308 3.85 0.06000000000000005 0.1339999999999999 469.9727 527.2139 1.3373129 1.2356324 24.719818452664995 24.595032812090032 0.007117919255964085 nan 0.11867033 0.11867033
150026 53.20485854115364 -27.749517024727847 3.68 0.262 0.16900000000000004 375.24683 658.57776 1.9856201 1.2043494 24.96420743080214 24.353482350467367 0.0038697142344747805 0.0013397065973448376 0.18904138 0.18904138
155468 53.17803092822548 -27.735530712891165 3.17 0.08199999999999985 0.15300000000000002 393.26926 647.98895 1.3899287 1.2635335 24.913275006937752 24.37108099554655 0.003561212200010353 0.001348257093719038 0.16161373 0.16161373
158273 53.07285167607353 -27.9085064873506 3.66 0.42399999999999993 0.06400000000000006 1340.7338 5285.9263 1.3530967 0.43207374 23.58164363334145 22.09219724724036 0.0023816647730725378 0.0005680323056282603 0.16987807 0.16987807
158658 53.03177737469671 -27.90556773726357 3.45 0.14500000000000002 0.19899999999999984 411.24866 518.3415 1.3122339 1.0783956 24.8647387676508 24.61346006445921 0.0020817418922775403 0.0011176845425574526 0.119536415 0.119536415
159438 53.05447486252057 -27.90246501476353 3.41 0.133 0.006999999999999673 914.44727 547.4801 1.071817 1.2808884 23.997103335934796 24.554079150190006 0.00437235113598561 0.002819305209576798 0.16486754 0.16486754
159710 53.06469948181186 -27.901255128977873 3.47 0.11100000000000021 0.1259999999999999 400.91 477.85355 1.1205633 0.87377906 24.89238276732425 24.7017629668793 0.005303563901482199 0.0032141656253113176 0.13106692 0.13106692
160011 53.06674038990793 -27.89725277366178 3.71 0.04800000000000004 0.010000000000000231 38290.55 19185.01 1.7777274 0.8756284 19.942270966506257 20.692594938498544 nan nan 0.3191766 0.3191766
160773 53.050438046628024 -27.89746729331272 3.3 0.10099999999999998 0.07200000000000006 960.0407 525.8618 1.0573162 1.2511271 23.94427587586832 24.59782090699424 0.0010996068305491934 0.0010396103655545236 0.12391147 0.12391147
161056 53.04028474684334 -27.896135139163118 3.69 0.2490000000000001 0.1280000000000001 498.49332 1981.5588 0.47435382 0.44472203 24.655851649856807 23.157482569374373 0.001845533957432371 0.00040101814468955797 0.29733798 0.29733798
161191 53.12703210440842 -27.89648567622465 3.02 0.1080000000000001 0.15300000000000002 468.24637 863.7477 0.54336715 0.45824262 24.723813955524598 24.05903276446014 0.004616323515534072 0.0019973867584964374 0.18335512 0.18335512
162625 53.07361562498556 -27.892291076114596 3.75 0.1120000000000001 0.2629999999999999 786.19196 1851.3076 0.50395036 0.43069726 24.16117851064811 23.23130352990445 0.002309875967789645 0.0007606060548660767 0.19080986 0.19080986
163086 53.03777291849014 -27.890743986294844 3.42 0.06099999999999994 0.16300000000000026 1471.9692 3577.1533 1.3762041 1.2531255 23.480253164847362 22.51615611290778 0.0008933738594744123 0.0002680192239342533 0.13773672 0.13773672
165390 53.11831357972558 -27.885048878572313 3.03 0.07799999999999985 0.1940000000000004 501.1233 1891.0223 1.4969996 1.2676122 24.650138529541252 23.208258351883373 0.0036866305814487158 0.001078264671709111 0.24955885 0.24955885
166102 53.088473971979944 -27.883654854966494 3.55 0.021999999999999797 0.10099999999999998 490.13925 580.796 0.5056712 0.4412752 24.674201291473878 24.489940919980558 0.004373690674246357 0.0018988575364755637 0.1239409 0.1239409
166145 53.082582459197404 -27.88362302356198 3.72 0.10000000000000009 0.1469999999999998 394.37726 963.18695 1.415801 1.2571272 24.910220341320226 23.940723524737265 0.003739607183618391 0.0012798320290710154 0.2013475 0.2013475
166772 53.02422079177084 -27.882029011396956 3.41 0.16599999999999993 0.008999999999999897 432.6123 368.39694 0.5038188 0.4290025 24.809752830469982 24.984209958252393 0.001995715938242613 0.0014239373485190763 0.12235294 0.12235294
167181 53.08791298381515 -27.881365074619456 3.16 0.14900000000000002 0.11499999999999977 1632.1945 1406.5387 0.45977265 0.4168917 23.368070252728696 23.529620787873093 0.0020387575257142386 0.0013200853981825266 0.16935562 0.16935562
170446 53.061164709360476 -27.875873663691742 3.13 0.054999999999999716 0.4780000000000002 483.1113 1432.9896 0.5464236 0.4583384 24.689882015933918 23.509392385565747 0.003323420466489971 0.0009407437255350387 0.20648354 0.20648354
170972 53.139352235483216 -27.87454722315484 3.45 0.16800000000000015 0.23399999999999999 401.59106 3420.642 1.120492 0.88231254 24.890539897413277 22.56473091183166 0.004253448323986569 0.0007579598414171627 0.23730522 0.23730522
171592 53.14073736117695 -27.873309714115752 3.16 0.06499999999999995 0.36499999999999977 636.95166 1636.047 0.5035514 0.432044 24.38973381525271 23.365510562365984 0.0031465087701599568 0.001233143783887306 0.28620735 0.28620735
171816 53.05287026300248 -27.87325727867282 3.24 0.0730000000000004 0.22799999999999976 397.10257 771.8781 0.94720095 0.8972184 24.902743256711744 24.18112818413697 0.0018707122635257716 0.0017469050330550908 0.17562431 0.17562431
171848 53.010814393311364 -27.87333895998687 3.04 0.052999999999999936 0.21799999999999997 575.016 451.87646 0.9332037 1.144627 24.50080019350158 24.762450693776785 0.0042279668275918385 0.0031684279550597667 0.15493536 0.15493536
171849 53.01068848700673 -27.87329800953232 3.21 0.2679999999999998 0.06400000000000006 438.63068 379.887 0.5078849 0.4301122 24.794752496462095 24.9508639389728 0.005086820699401614 0.003465354115358154 0.10914053 0.10914053
173122 53.03880736099396 -27.870747945097378 3.75 0.06800000000000006 0.22199999999999998 422.92035 1089.1938 1.5334324 1.2731099 24.834353544886426 23.807237051126016 0.0019319615872692875 0.0005783733240635947 0.2838641 0.2838641
173459 53.1133264891393 -27.869949218193405 3.38 0.04999999999999982 0.11800000000000033 2287.8247 5185.5547 0.5132403 0.43892565 23.00144313554266 22.11301195313633 0.0017953585292785938 nan 0.12960072 0.12960072
174451 53.138031505705676 -27.868296030593847 3.59 0.21599999999999975 0.137 375.42545 1904.2358 0.4759908 0.4222718 24.9636907378487 23.20069816298826 0.005339431689125013 0.0011064969261212526 0.12973021 0.12973021
174454 53.13213740468195 -27.8683139958165 3.37 0.15500000000000025 0.15500000000000025 536.15643 924.16296 1.4270619 1.2590431 24.576771196838656 23.985628599904693 0.003489325345257637 0.0018468892634470547 0.1866457 0.1866457
174818 53.1376456771497 -27.867603338234332 3.57 0.04499999999999993 0.15700000000000003 470.8658 726.7121 0.51394856 0.43125024 24.71775709763143 24.246594025725855 0.006398076280042941 0.002301002715441194 0.13979945 0.13979945
175281 53.08137829543943 -27.866673761037816 3.69 0.20199999999999996 0.03200000000000003 447.9978 1595.7161 0.5473529 0.45490825 24.771810290131185 23.392610956979784 0.0018916355133839432 0.0004588612775656315 0.17174 0.17174
175394 53.07619243465677 -27.866453779562047 3.74 0.07100000000000017 0.1259999999999999 639.2955 1404.4506 0.46237212 0.41845894 24.385745930310414 23.531233859802256 0.001483136088456663 0.0004999749891055151 0.2991899 0.2991899
175454 53.123330453256955 -27.866375912764425 3.09 0.0259999999999998 0.577 551.5442 2452.0671 1.0684775 1.4871016 24.546049215916078 22.9261691070444 0.0034825259199165954 0.0008965058777409409 0.19780992 0.19780992
175482 53.096884859647204 -27.866138800067514 3.68 0.13900000000000023 0.029999999999999805 371.24326 1359.7323 0.9424556 0.8914862 24.975853568602275 23.566366464665293 0.002109853694965497 0.0005126654973159531 0.3181373 0.3181373
175485 53.097274109361635 -27.86585158763714 3.71 0.1339999999999999 0.020999999999999908 1909.9744 4577.866 0.55550236 0.4548312 23.197431154016762 22.2483422595494 0.0007909392331664995 0.00024058433906464419 0.30841345 0.30841345
176606 53.07650621664198 -27.864170596984508 3.18 0.08300000000000018 0.35699999999999976 573.9632 2650.7708 0.9143035 0.8899347 24.502789887354744 22.841569574921152 0.0016253447020609785 0.0003352407090067625 0.1410843 0.1410843
177410 53.123654959145114 -27.863236184625094 3.71 0.12199999999999989 0.03200000000000003 544.25226 1576.9153 0.5432668 0.45736492 24.560499400592995 23.405479094239062 0.0034697978715049786 0.0012445360149266169 0.14325391 0.14325391
179465 53.078504005446156 -27.8599280966673 3.57 0.3939999999999997 0.09800000000000031 1966.8444 7488.1494 0.47155914 0.44368014 23.16557501290476 21.714063746326765 0.0013686021830241534 0.00020387216603454385 0.15231667 0.15231667
182126 53.119843624341755 -27.8568512359395 3.22 0.0900000000000003 0.20399999999999974 529.04114 1243.4888 0.9389532 0.8864583 24.591276390897676 23.66339533167999 0.0030245817854465534 0.0010557934734454994 0.26833114 0.26833114
182686 53.04023448757203 -27.856454508467746 3.46 0.08499999999999996 0.137 451.0079 526.207 0.9904189 0.87560964 24.764539617276235 24.59710850870924 0.003520516087784648 0.0024623838934416022 0.12127096 0.12127096
182930 53.161528019214714 -27.856073080973378 3.04 0.29899999999999993 0.04800000000000004 1792.2666 2686.5212 0.5480029 0.45756122 23.266493470256766 22.827024303632392 0.002078251585478566 0.0008587981974197167 0.12602755 0.12602755
183012 53.156007973276395 -27.855978060122297 3.37 0.08000000000000007 0.021999999999999797 981.11426 1489.3787 1.0862103 1.2783306 23.92070103239626 23.467487181143895 0.002949707945664612 0.0012996125004489365 0.16823846 0.16823846
183858 53.16331248464977 -27.854771103439255 3.16 0.03000000000000025 0.19300000000000006 626.0512 417.9849 0.4881973 0.43292361 24.40847535444317 24.84709853394974 0.003891942139000868 0.0036639165617634397 0.15215784 0.15215784
184693 53.12788102788674 -27.85259952982662 3.83 0.020000000000000018 0.01100000000000012 31491.314 34097.203 0.63331205 0.43660346 20.154523028638486 20.068203108031597 0.0007551974964027725 0.00027205851702533475 0.09300692 0.09300692
185019 53.13383804265119 -27.852643854198224 3.38 0.22799999999999976 0.22799999999999976 391.16483 641.8759 1.2018611 1.2984357 24.919100512550827 24.381372299026594 0.005626802618205595 0.0026097594132664746 0.16000153 0.16000153
185290 53.12002079169111 -27.85202836752626 3.61 0.17899999999999983 0.11500000000000021 870.7205 1876.4883 1.3458481 1.1871666 24.05030305131752 23.21663535857536 0.0022102613171376922 0.0007800859417284123 0.12043015 0.12043015
185410 53.12440670438496 -27.851698346440724 3.37 0.07299999999999995 0.14100000000000001 2340.986 5464.5615 0.50413126 0.4307885 22.976502919909187 22.056111700292696 0.0012768436482717886 0.0003962936307277598 0.16785344 0.16785344
186128 53.11427806477604 -27.850394626319122 3.14 0.03000000000000025 0.1389999999999998 367.82666 926.5894 0.45135278 0.41668504 24.98589199049679 23.982781661530634 0.003933561773454194 0.0013582825271944645 0.1743218 0.1743218
186275 53.11517689086369 -27.849974113329747 3.71 0.11799999999999988 0.010000000000000231 634.00903 1215.791 0.4699642 0.41637483 24.39476138588588 23.687852675653545 0.0035775515345033058 0.0011102962001041704 0.12523888 0.12523888
186512 53.08995271013289 -27.8492578511688 3.7 0.16300000000000026 0.07999999999999963 370.296 746.6202 0.5234559 0.44346964 24.978627477468507 24.217250692425523 0.002191037286575423 0.0008238963623481794 0.13274607 0.13274607
186532 53.06632224418899 -27.849119315408167 3.72 0.09100000000000019 0.02400000000000002 720.277 1511.0295 0.9304178 0.8930876 24.256251166263667 23.451817612523275 0.001252339421497346 0.00045949342276654025 0.16102691 0.16102691
186780 53.08918029587494 -27.84859126112584 3.17 0.040000000000000036 0.14500000000000002 556.6365 539.9978 1.3294872 0.43306386 24.536070847850006 24.569020018323492 0.00164163345823995 0.0010769240608541552 0.1447084 0.1447084
186893 53.07461729589174 -27.847325417206765 3.69 0.13200000000000012 0.020000000000000018 1097.4626 2520.2578 0.5469932 0.45829436 23.799025631477214 22.89638757580502 0.002659211801970319 0.0003354027405531351 0.22474085 0.22474085
187340 53.084449941611894 -27.84739017084904 3.52 0.11699999999999999 0.11699999999999999 397.3196 591.4817 0.55177563 0.45539436 24.902149997106655 24.47014673829408 0.002075719763122256 0.001008819668357576 0.15514457 0.15514457
187563 53.04144579451872 -27.846713888675975 3.71 0.04999999999999982 0.34799999999999986 407.10773 619.3478 0.9042175 0.849077 24.875726636193065 24.420163539841674 0.005383781808720696 0.0035502272109961884 0.13823476 0.13823476
187727 53.0616523927148 -27.846285871092057 3.36 0.1719999999999997 0.002000000000000224 437.08844 693.34326 1.1466191 1.2861197 24.798576698807025 24.297629251992753 0.003402018482180073 0.001901392600204749 0.15072004 0.15072004
187812 53.110368667567975 -27.84565777820897 3.12 0.09200000000000008 0.11099999999999977 799.5271 1545.8611 0.5126072 0.43482873 24.142917028633157 23.427073839384626 0.0023491726929906263 0.0009332177577387174 0.19049737 0.19049737
187956 53.070275226548894 -27.84559894396158 3.7 0.12700000000000022 0.022999999999999687 970.56555 2892.751 0.9281353 0.9085536 23.932437817857288 22.746722377822387 0.0011384316022627638 0.00030872439695642625 0.14823827 0.14823827
189297 53.17169541570779 -27.842516752114683 3.31 0.13900000000000023 0.07099999999999973 735.13763 1292.8666 1.1188316 1.2631236 24.234078359053722 23.621115729171834 0.00230129337046353 0.0010364899340601047 0.1798521 0.1798521
